159
242
46
486
513
43
698
214
156
819
332
171
959
217
815
946
522
631
442
851
75
283
137
358
101
475
779
56
539
793
280
760
662
422
452
918
534
736
553
756
679
92
333
52
381
134
403
420
870
703
622
175
19
819
966
5
677
166
20
60
46
108
60
829
38
576
744
457
916
487
513
744
290
347
482
680
579
172
42
552
786
194
101
8
521
452
974
761
651
939
908
271
278
382
510
140
305
459
933
254
753
131
846
149
464
455
780
875
128
250
743
946
930
665
483
53
507
317
58
199
409
162
541
697
731
64
964
536
956
378
357
951
543
685
721
90
780
20
447
973
732
343
831
134
320
422
552
629
177
102
931
682
684
354
560
676
320
329
471
567
683
408
195
917
101
633
646
594
682
912
358
900
845
741
654
16
428
910
871
700
856
282
48
601
876
846
873
378
360
926
604
710
110
780
36
639
182
495
520
343
217
149
536
670
943
905
796
719
84
297
153
658
831
982
900
895
485
199
602
827
14
838
545
664
404
584
275
702
396
740
381
971
677
817
627
753
949
158
546
681
829
930
365
172
111
576
108
767
993
612
359
978
459
602
516
54
694
949
374
202
94
634
854
529
601
452
540
863
249
771
510
778
448
942
776
326
931
341
378
654
159
567
737
42
683
55
440
600
426
64
408
453
185
505
435
268
850
934
576
879
547
13
310
17
863
702
594
360
418
574
226
99
548
541
687
694
618
834
744
